4 16
8 256
5 32
9 512
5 32
4 16
9 512
9 512
4 16
4 16
5 32
5 32
5 32
9 512
9 512
4 16
6 64
6 64
4 16
6 64
9 512
5 32
4 16
8 256
7 128
8 256
4 16
9 512
9 512
6 64
7 128
7 128
5 32
9 512
9 512
5 32
9 512
4 16
7 128
4 16
9 512
8 256
7 128
4 16
6 64
7 128
6 64
8 256
7 128
9 512
7 128
6 64
5 32
4 16
4 16
7 128
7 128
8 256
6 64
8 256
4 16
5 32
5 32
9 512
5 32
5 32
5 32
6 64
6 64
8 256
5 32
4 16
4 16
8 256
4 16
5 32
6 64
7 128
7 128
6 64
5 32
9 512
5 32
6 64
6 64
4 16
9 512
9 512
4 16
6 64
4 16
5 32
9 512
9 512
4 16
8 256
5 32
5 32
4 16
4 16
13556564111697
715120247842
